4.424149659863945772e+01
1.874730884353741421e+05
8.484977324263038856e-01
4.084661564625850133e+03
1.913031462585034035e+02
4.541751700680271853e+01
4.747732426303855058e-02
7.823129251700680631e-02
0.000000000000000000e+00
6.344954648526076602e-01
7.851473922902493796e-02
9.240362811791383302e-02
4.407596371882085973e-02
0.000000000000000000e+00
2.480158730158730021e-02
7.936507936507936067e-03
7.794784580498865904e-03
3.968253968253968034e-03
8.503401360544217370e-04
2.125850340136054614e-03
4.960317460317460042e-03
3.401360544217686948e-03
3.330498866213151693e-02
4.464285714285714385e-02
2.799036281179138053e-01
3.812358276643990768e-02
2.142857142857142738e-01
1.251417233560090658e-01
0.000000000000000000e+00
5.428004535147392534e-02
1.792800453514739323e-01
5.867346938775510473e-02
1.417233560090702931e-03
8.553004535147392673e-01
3.968253968253968034e-03
6.136621315192743870e-02
8.361678004535147424e-03
1.091269841269841209e-02
6.476757369614512261e-02
1.417233560090702985e-04
1.176303854875283411e-01
2.509920634920634885e-01
1.445578231292517050e-02
1.119614512471655415e-02
3.146258503401360568e-02
1.743197278911564480e-02
1.417233560090702985e-04
2.375283446712018187e-01
2.735260770975056835e-02
1.257086167800453569e-01
3.528911564625850095e-02
4.109977324263038717e-02
2.480158730158730021e-02
7.559523809523809312e-01
1.068594104308390053e-01
4.818594104308389879e-03
7.936507936507936067e-03
2.820294784580498759e-02
9.623015873015873523e-02
4.818594104308389879e-03
3.528911564625850095e-02
5.045351473922902313e-02
3.259637188208616785e-03
9.061791383219954810e-01
8.503401360544217370e-04
5.102040816326530205e-03
2.834467120181405862e-03
2.834467120181405971e-04
3.401360544217686948e-03
1.417233560090702985e-04
5.668934240362811941e-04
1.275510204081632551e-03
3.968253968253968034e-03
1.700680272108843474e-03
5.527210884353741562e-03
8.503401360544217370e-04
4.251700680272108685e-04
5.668934240362811941e-04
0.000000000000000000e+00
1.417233560090702985e-04
7.086167800453514656e-04
4.251700680272108685e-04
4.676870748299319716e-03
2.267573696145124777e-03
7.086167800453514656e-04
3.259637188208616785e-03
1.275510204081632551e-03
2.976190476190476025e-03
2.834467120181405971e-04
4.535147392290249553e-03
2.834467120181405971e-04
0.000000000000000000e+00
2.834467120181405971e-04
7.369614512471655415e-03
1.700680272108843474e-03
5.668934240362811941e-04
1.275510204081632551e-03
4.251700680272108685e-04
2.267573696145124777e-03
2.409297052154194940e-03
4.251700680272108685e-04
2.834467120181405971e-04
9.142573696145124273e-01
7.086167800453514656e-04
7.086167800453514656e-04
1.828231292517006751e-02
