3.674628073171827936e+01
1.905369715492831019e+05
6.120275068542406771e-01
1.491454447390893847e+02
5.276030383388017242e+01
3.878947368421052744e+01
2.337183693649152669e-02
5.905883410490359031e-02
2.696750415749022485e-04
7.212458986920760040e-01
1.946154883365544541e-02
7.240774866286124600e-02
3.779945166074880070e-02
6.292417636747718590e-04
6.575576430401366967e-02
3.532743044631219548e-02
4.512562362353364498e-02
1.654006921659400414e-02
6.337363477010202542e-03
1.258483527349543718e-02
2.436064542226617016e-02
1.986606139601779925e-02
3.343970515528787990e-02
4.135017304148501383e-02
1.255786776933794646e-01
3.955233943098566095e-03
3.560160007191334186e-01
3.137219650321362852e-02
2.157400332599217988e-03
5.842959234122881672e-03
2.401456245224504460e-01
1.608162164591667165e-01
5.842959234122882322e-04
3.352959683581284711e-01
1.546136905029439450e-02
4.129623803317002961e-01
3.874331430626095502e-02
3.613645557103690314e-02
1.334441997393141233e-01
3.595667220998696647e-04
1.290395073935907133e-01
8.386893792979459306e-02
3.474313452289990584e-02
5.177760798238122825e-02
7.114926513551170228e-02
1.298485325183154349e-01
5.932850914647849576e-03
9.110521821205447290e-02
1.775360690368106564e-02
1.070609915052361943e-01
2.575396647040316400e-02
5.213717470448109986e-02
6.602543934558856298e-02
2.950694413232055613e-01
3.017663715223156129e-01
3.770955998022382932e-02
2.022562811811766947e-01
1.304777742819901998e-01
3.272057171108813667e-02
1.132635174614589346e-02
3.051822553822643863e-02
1.099375252820351534e-01
1.015775989932131765e-02
8.380601375342712211e-01
3.146208818373859295e-04
3.550721380736212695e-03
2.292237853386668977e-03
2.337183693649152929e-03
2.786642096273989847e-03
2.831587936536473366e-03
1.078700166299608994e-03
4.135017304148501036e-03
2.382129533911636447e-03
7.191334441997393294e-04
3.595667220998696647e-03
8.989168052496741617e-04
2.427075374174120399e-03
1.483212728661962394e-03
4.494584026248370809e-05
4.045125623623533457e-04
5.842959234122882322e-04
4.045125623623533457e-04
2.337183693649152929e-03
9.888084857746415237e-04
8.539709649871904265e-04
1.797833610499348323e-03
3.056317137848892258e-03
1.483212728661962394e-03
6.292417636747718590e-04
2.431569958200368448e-02
1.258483527349543718e-03
5.842959234122882322e-04
1.123646006562092729e-03
5.708121713335430683e-03
1.977616971549283047e-03
1.348375207874511188e-03
4.224908984673468072e-03
4.045125623623533457e-04
2.606858735224054906e-03
1.168591846824576464e-03
6.292417636747718590e-04
7.191334441997393294e-04
8.895680704750775769e-01
2.516967054699087436e-03
4.045125623623533457e-04
1.802328194525596589e-02
