3.765953380182446963e+00
1.914883655844358268e-01
2.483177502224435951e-01
2.175040720004058681e+00
-7.695947758580128362e-01
1.332471093441186305e+00
5.404050094328608639e-02
-4.245959085794955012e-03
-3.901568870928506100e-02
1.741744776291338087e-02
3.263614947680690964e-02
-5.700490353707822477e-02
-2.272271627699567337e-02
-9.593373624397376342e-02
1.454394470771979255e-03
-7.569410332020744259e-02
-9.010025224432265112e-02
-7.194152941046845495e-02
-2.880565967059291466e-01
-4.075761565453081547e-01
-5.391387512216969796e-02
-5.143316437608751179e-02
4.319473280047962660e-02
5.995918708302362676e-02
1.760222108786770323e-01
1.240990896979740771e-01
-7.011999775925749356e-02
1.224638599575374742e-01
-6.703419276874532373e-02
8.696606058496444969e-02
2.758167649467309010e-02
-2.133563716640825281e-01
7.691741790526668288e-02
5.010197688138534611e-01
-8.379916663616769623e-02
-2.847236391264562627e-01
-1.571644520949996293e-01
-4.586844452008301265e-02
-1.648472869285962442e-02
-6.098571614304033883e-02
-2.342272542433400731e-02
1.711993146673031763e-01
-7.694382390981396869e-02
-1.196049183187787024e-01
-7.683950046687816615e-02
-1.397771140127253564e-01
-2.362338092959189451e-01
1.580847901089894036e-01
5.011618299728666515e-02
5.846509650198285918e-02
1.608672168338114508e-02
-3.970085023211351177e-02
-9.456626744479418312e-04
-1.462000998589172152e-01
1.678285764294615290e-01
7.970243768066877232e-02
-1.784023175832183394e-01
1.283854736373202798e-01
4.602678530838901633e-02
1.620227197790710325e-02
-6.685699300270786516e-02
-9.238256353742301322e-03
7.071991593029185348e-03
3.437599143908859345e-02
-5.471163483343175621e-02
5.370288182063948090e-02
3.072578448741119204e-03
-2.001917384804115796e-01
3.456691741788136402e-02
-1.658587568738658924e-01
8.483316861745410220e-02
-1.998734130331555336e-01
6.231751707977425600e-03
2.840082770794304101e-03
3.781535931447579154e-03
-1.165448312457381674e-01
-1.357961841930028779e-01
-1.434749857420005992e-01
1.264048447304045968e-02
2.188585719979072725e-02
-5.420627162051280118e-02
1.003160050906044126e-01
6.072795568401866823e-02
1.560400742608411377e-02
-1.095136606751462849e-01
2.671732016460651865e-02
-1.822438502318828035e-01
6.492293796206249912e-02
-6.505347075083139918e-02
1.801060572205212540e-02
-1.252257809339980266e-01
-7.245205531786787223e-02
-8.759079014306302147e-02
1.138782669148190180e-01
7.780458008326422530e-03
-9.733668902875301787e-02
-2.144272871266445224e-01
-8.286419988727637687e-02
-1.519936508546283413e-02
-1.538744543179356994e-01
-9.582409899778644713e-02
1.637142029626028061e-01
1.738096114228628863e-01
-4.265612878836817085e-02
-5.811356759926204069e-02
6.950431927988517944e-02
-3.269043381330265063e+00
-8.342833772955847438e-02
2.483177502224435951e-01
2.274797377906851714e-01
1.084681824481809942e+00
-9.200954926221218688e-01
5.404050094328608639e-02
-4.245959085794955012e-03
-3.901568870928506100e-02
1.741744776291338087e-02
3.263614947680690964e-02
-5.700490353707822477e-02
-2.272271627699567337e-02
-9.593373624397376342e-02
1.454394470771979255e-03
-7.569410332020744259e-02
-9.010025224432265112e-02
-7.194152941046845495e-02
-2.880565967059291466e-01
-4.075761565453081547e-01
-5.391387512216969796e-02
-5.143316437608751179e-02
4.319473280047962660e-02
5.995918708302362676e-02
1.760222108786770323e-01
1.240990896979740771e-01
-7.011999775925749356e-02
1.224638599575374742e-01
-6.703419276874532373e-02
8.696606058496444969e-02
2.758167649467309010e-02
-2.133563716640825281e-01
7.691741790526668288e-02
5.010197688138534611e-01
-8.379916663616769623e-02
-2.847236391264562627e-01
-1.571644520949996293e-01
-4.586844452008301265e-02
-1.648472869285962442e-02
-6.098571614304033883e-02
-2.342272542433400731e-02
1.711993146673031763e-01
-7.694382390981396869e-02
-1.196049183187787024e-01
-7.683950046687816615e-02
-1.397771140127253564e-01
-2.362338092959189451e-01
1.580847901089894036e-01
5.011618299728666515e-02
5.846509650198285918e-02
1.608672168338114508e-02
-3.970085023211351177e-02
-9.456626744479418312e-04
-1.462000998589172152e-01
1.678285764294615290e-01
7.970243768066877232e-02
-1.784023175832183394e-01
1.283854736373202798e-01
4.602678530838901633e-02
1.620227197790710325e-02
-6.685699300270786516e-02
-9.238256353742301322e-03
7.071991593029185348e-03
3.437599143908859345e-02
-5.471163483343175621e-02
5.370288182063948090e-02
3.072578448741119204e-03
-2.001917384804115796e-01
3.456691741788136402e-02
-1.658587568738658924e-01
8.483316861745410220e-02
-1.998734130331555336e-01
6.231751707977425600e-03
2.840082770794304101e-03
3.781535931447579154e-03
-1.165448312457381674e-01
-1.357961841930028779e-01
-1.434749857420005992e-01
1.264048447304045968e-02
2.188585719979072725e-02
-5.420627162051280118e-02
1.003160050906044126e-01
6.072795568401866823e-02
1.560400742608411377e-02
-1.095136606751462849e-01
2.671732016460651865e-02
-1.822438502318828035e-01
6.492293796206249912e-02
-6.505347075083139918e-02
1.801060572205212540e-02
-1.252257809339980266e-01
-7.245205531786787223e-02
-8.759079014306302147e-02
1.138782669148190180e-01
7.780458008326422530e-03
-9.733668902875301787e-02
-2.144272871266445224e-01
-8.286419988727637687e-02
-1.519936508546283413e-02
-1.538744543179356994e-01
-9.582409899778644713e-02
1.637142029626028061e-01
1.738096114228628863e-01
-4.265612878836817085e-02
-5.811356759926204069e-02
6.950431927988517944e-02
